36910002	36910002
36910002	20124001
36910002	178728009
36910002	236941004
36910002	230864006
36910002	122471009
36910002	35276003
36910002	236350009
36910002	239553008
36910002	231770000
36910002	234300000
36910002	21371007
36910002	121567007
36910002	302477001
36910002	2915002
36910002	125674004
36910002	118035008
36910002	238226004
36910002	107943007
36910002	117778005
36910002	231332001
36910002	72953005
36910002	172829002
36910002	313052008
36910002	304400004
36910002	118815006
36910002	373391005
36910002	49988001
36910002	171904007
36910002	179419004
36910002	252822006
36910002	277992006
36910002	225257005
36910002	43519002
36910002	32804000
36910002	173160006
36910002	63563000
36910002	276973000
36910002	287716007
36910002	59392008
36910002	71735005
36910002	359556005
36910002	167509001
20124001	36910002
20124001	20124001
20124001	178728009
20124001	236941004
20124001	230864006
20124001	122471009
20124001	35276003
20124001	236350009
20124001	239553008
20124001	231770000
20124001	234300000
20124001	21371007
20124001	121567007
20124001	302477001
20124001	2915002
20124001	125674004
20124001	118035008
20124001	238226004
20124001	107943007
20124001	117778005
20124001	231332001
20124001	72953005
20124001	172829002
20124001	313052008
20124001	304400004
20124001	118815006
20124001	373391005
20124001	49988001
20124001	171904007
20124001	179419004
20124001	252822006
20124001	277992006
20124001	225257005
20124001	43519002
20124001	32804000
20124001	173160006
20124001	63563000
20124001	276973000
20124001	287716007
20124001	59392008
20124001	71735005
20124001	359556005
20124001	167509001
178728009	36910002
178728009	20124001
178728009	178728009
178728009	236941004
178728009	230864006
178728009	122471009
178728009	35276003
178728009	236350009
178728009	239553008
178728009	231770000
178728009	234300000
178728009	21371007
178728009	121567007
178728009	302477001
178728009	2915002
178728009	125674004
178728009	118035008
178728009	238226004
178728009	107943007
178728009	117778005
178728009	231332001
178728009	72953005
178728009	172829002
178728009	313052008
178728009	304400004
178728009	118815006
178728009	373391005
178728009	49988001
178728009	171904007
178728009	179419004
178728009	252822006
178728009	277992006
178728009	225257005
178728009	43519002
178728009	32804000
178728009	173160006
178728009	63563000
178728009	276973000
178728009	287716007
178728009	59392008
178728009	71735005
178728009	359556005
178728009	167509001
236941004	36910002
236941004	20124001
236941004	178728009
236941004	236941004
236941004	230864006
236941004	122471009
236941004	35276003
236941004	236350009
236941004	239553008
236941004	231770000
236941004	234300000
236941004	21371007
236941004	121567007
236941004	302477001
236941004	2915002
236941004	125674004
236941004	118035008
236941004	238226004
236941004	107943007
236941004	117778005
236941004	231332001
236941004	72953005
236941004	172829002
236941004	313052008
236941004	304400004
236941004	118815006
236941004	373391005
236941004	49988001
236941004	171904007
236941004	179419004
236941004	252822006
236941004	277992006
236941004	225257005
236941004	43519002
236941004	32804000
236941004	173160006
236941004	63563000
236941004	276973000
236941004	287716007
236941004	59392008
236941004	71735005
236941004	359556005
236941004	167509001
230864006	36910002
230864006	20124001
230864006	178728009
230864006	236941004
230864006	230864006
230864006	122471009
230864006	35276003
230864006	236350009
230864006	239553008
230864006	231770000
230864006	234300000
230864006	21371007
230864006	121567007
230864006	302477001
230864006	2915002
230864006	125674004
230864006	118035008
230864006	238226004
230864006	107943007
230864006	117778005
230864006	231332001
230864006	72953005
230864006	172829002
230864006	313052008
230864006	304400004
230864006	118815006
230864006	373391005
230864006	49988001
230864006	171904007
230864006	179419004
230864006	252822006
230864006	277992006
230864006	225257005
230864006	43519002
230864006	32804000
230864006	173160006
230864006	63563000
230864006	276973000
230864006	287716007
230864006	59392008
230864006	71735005
230864006	359556005
230864006	167509001
122471009	36910002
122471009	20124001
122471009	178728009
122471009	236941004
122471009	230864006
122471009	122471009
122471009	35276003
122471009	236350009
122471009	239553008
122471009	231770000
122471009	234300000
122471009	21371007
122471009	121567007
122471009	302477001
122471009	2915002
122471009	125674004
122471009	118035008
122471009	238226004
122471009	107943007
122471009	117778005
122471009	231332001
122471009	72953005
122471009	172829002
122471009	313052008
122471009	304400004
122471009	118815006
122471009	373391005
122471009	49988001
122471009	171904007
122471009	179419004
122471009	252822006
122471009	277992006
122471009	225257005
122471009	43519002
122471009	32804000
122471009	173160006
122471009	63563000
122471009	276973000
122471009	287716007
122471009	59392008
122471009	71735005
122471009	359556005
122471009	167509001
35276003	36910002
35276003	20124001
35276003	178728009
35276003	236941004
35276003	230864006
35276003	122471009
35276003	35276003
35276003	236350009
35276003	239553008
35276003	231770000
35276003	234300000
35276003	21371007
35276003	121567007
35276003	302477001
35276003	2915002
35276003	125674004
35276003	118035008
35276003	238226004
35276003	107943007
35276003	117778005
35276003	231332001
35276003	72953005
35276003	172829002
35276003	313052008
35276003	304400004
35276003	118815006
35276003	373391005
35276003	49988001
35276003	171904007
35276003	179419004
35276003	252822006
35276003	277992006
35276003	225257005
35276003	43519002
35276003	32804000
35276003	173160006
35276003	63563000
35276003	276973000
35276003	287716007
35276003	59392008
35276003	71735005
35276003	359556005
35276003	167509001
236350009	36910002
236350009	20124001
236350009	178728009
236350009	236941004
236350009	230864006
236350009	122471009
236350009	35276003
236350009	236350009
236350009	239553008
236350009	231770000
236350009	234300000
236350009	21371007
236350009	121567007
236350009	302477001
236350009	2915002
236350009	125674004
236350009	118035008
236350009	238226004
236350009	107943007
236350009	117778005
236350009	231332001
236350009	72953005
236350009	172829002
236350009	313052008
236350009	304400004
236350009	118815006
236350009	373391005
236350009	49988001
236350009	171904007
236350009	179419004
236350009	252822006
236350009	277992006
236350009	225257005
236350009	43519002
236350009	32804000
236350009	173160006
236350009	63563000
236350009	276973000
236350009	287716007
236350009	59392008
236350009	71735005
236350009	359556005
236350009	167509001
239553008	36910002
239553008	20124001
239553008	178728009
239553008	236941004
239553008	230864006
239553008	122471009
239553008	35276003
239553008	236350009
239553008	239553008
239553008	231770000
239553008	234300000
239553008	21371007
239553008	121567007
239553008	302477001
239553008	2915002
239553008	125674004
239553008	118035008
239553008	238226004
239553008	107943007
239553008	117778005
239553008	231332001
239553008	72953005
239553008	172829002
239553008	313052008
239553008	304400004
239553008	118815006
239553008	373391005
239553008	49988001
239553008	171904007
239553008	179419004
239553008	252822006
239553008	277992006
239553008	225257005
239553008	43519002
239553008	32804000
239553008	173160006
239553008	63563000
239553008	276973000
239553008	287716007
239553008	59392008
239553008	71735005
239553008	359556005
239553008	167509001
231770000	36910002
231770000	20124001
231770000	178728009
231770000	236941004
231770000	230864006
231770000	122471009
231770000	35276003
231770000	236350009
231770000	239553008
231770000	231770000
231770000	234300000
231770000	21371007
231770000	121567007
231770000	302477001
231770000	2915002
231770000	125674004
231770000	118035008
231770000	238226004
231770000	107943007
231770000	117778005
231770000	231332001
231770000	72953005
231770000	172829002
231770000	313052008
231770000	304400004
231770000	118815006
231770000	373391005
231770000	49988001
231770000	171904007
231770000	179419004
231770000	252822006
231770000	277992006
231770000	225257005
231770000	43519002
231770000	32804000
231770000	173160006
231770000	63563000
231770000	276973000
231770000	287716007
231770000	59392008
231770000	71735005
231770000	359556005
231770000	167509001
234300000	36910002
234300000	20124001
234300000	178728009
234300000	236941004
234300000	230864006
234300000	122471009
234300000	35276003
234300000	236350009
234300000	239553008
234300000	231770000
234300000	234300000
234300000	21371007
234300000	121567007
234300000	302477001
234300000	2915002
234300000	125674004
234300000	118035008
234300000	238226004
234300000	107943007
234300000	117778005
234300000	231332001
234300000	72953005
234300000	172829002
234300000	313052008
234300000	304400004
234300000	118815006
234300000	373391005
234300000	49988001
234300000	171904007
234300000	179419004
234300000	252822006
234300000	277992006
234300000	225257005
234300000	43519002
234300000	32804000
234300000	173160006
234300000	63563000
234300000	276973000
234300000	287716007
234300000	59392008
234300000	71735005
234300000	359556005
234300000	167509001
21371007	36910002
21371007	20124001
21371007	178728009
21371007	236941004
21371007	230864006
21371007	122471009
21371007	35276003
21371007	236350009
21371007	239553008
21371007	231770000
21371007	234300000
21371007	21371007
21371007	121567007
21371007	302477001
21371007	2915002
21371007	125674004
21371007	118035008
21371007	238226004
21371007	107943007
21371007	117778005
21371007	231332001
21371007	72953005
21371007	172829002
21371007	313052008
21371007	304400004
21371007	118815006
21371007	373391005
21371007	49988001
21371007	171904007
21371007	179419004
21371007	252822006
21371007	277992006
21371007	225257005
21371007	43519002
21371007	32804000
21371007	173160006
21371007	63563000
21371007	276973000
21371007	287716007
21371007	59392008
21371007	71735005
21371007	359556005
21371007	167509001
121567007	36910002
121567007	20124001
121567007	178728009
121567007	236941004
121567007	230864006
121567007	122471009
121567007	35276003
121567007	236350009
121567007	239553008
121567007	231770000
121567007	234300000
121567007	21371007
121567007	121567007
121567007	302477001
121567007	2915002
121567007	125674004
121567007	118035008
121567007	238226004
121567007	107943007
121567007	117778005
121567007	231332001
121567007	72953005
121567007	172829002
121567007	313052008
121567007	304400004
121567007	118815006
121567007	373391005
121567007	49988001
121567007	171904007
121567007	179419004
121567007	252822006
121567007	277992006
121567007	225257005
121567007	43519002
121567007	32804000
121567007	173160006
121567007	63563000
121567007	276973000
121567007	287716007
121567007	59392008
121567007	71735005
121567007	359556005
121567007	167509001
302477001	36910002
302477001	20124001
302477001	178728009
302477001	236941004
302477001	230864006
302477001	122471009
302477001	35276003
302477001	236350009
302477001	239553008
302477001	231770000
302477001	234300000
302477001	21371007
302477001	121567007
302477001	302477001
302477001	2915002
302477001	125674004
302477001	118035008
302477001	238226004
302477001	107943007
302477001	117778005
302477001	231332001
302477001	72953005
302477001	172829002
302477001	313052008
302477001	304400004
302477001	118815006
302477001	373391005
302477001	49988001
302477001	171904007
302477001	179419004
302477001	252822006
302477001	277992006
302477001	225257005
302477001	43519002
302477001	32804000
302477001	173160006
302477001	63563000
302477001	276973000
302477001	287716007
302477001	59392008
302477001	71735005
302477001	359556005
302477001	167509001
2915002	36910002
2915002	20124001
2915002	178728009
2915002	236941004
2915002	230864006
2915002	122471009
2915002	35276003
2915002	236350009
2915002	239553008
2915002	231770000
2915002	234300000
2915002	21371007
2915002	121567007
2915002	302477001
2915002	2915002
2915002	125674004
2915002	118035008
2915002	238226004
2915002	107943007
2915002	117778005
2915002	231332001
2915002	72953005
2915002	172829002
2915002	313052008
2915002	304400004
2915002	118815006
2915002	373391005
2915002	49988001
2915002	171904007
2915002	179419004
2915002	252822006
2915002	277992006
2915002	225257005
2915002	43519002
2915002	32804000
2915002	173160006
2915002	63563000
2915002	276973000
2915002	287716007
2915002	59392008
2915002	71735005
2915002	359556005
2915002	167509001
125674004	36910002
125674004	20124001
125674004	178728009
125674004	236941004
125674004	230864006
125674004	122471009
125674004	35276003
125674004	236350009
125674004	239553008
125674004	231770000
125674004	234300000
125674004	21371007
125674004	121567007
125674004	302477001
125674004	2915002
125674004	125674004
125674004	118035008
125674004	238226004
125674004	107943007
125674004	117778005
125674004	231332001
125674004	72953005
125674004	172829002
125674004	313052008
125674004	304400004
125674004	118815006
125674004	373391005
125674004	49988001
125674004	171904007
125674004	179419004
125674004	252822006
125674004	277992006
125674004	225257005
125674004	43519002
125674004	32804000
125674004	173160006
125674004	63563000
125674004	276973000
125674004	287716007
125674004	59392008
125674004	71735005
125674004	359556005
125674004	167509001
118035008	36910002
118035008	20124001
118035008	178728009
118035008	236941004
118035008	230864006
118035008	122471009
118035008	35276003
118035008	236350009
118035008	239553008
118035008	231770000
118035008	234300000
118035008	21371007
118035008	121567007
118035008	302477001
118035008	2915002
118035008	125674004
118035008	118035008
118035008	238226004
118035008	107943007
118035008	117778005
118035008	231332001
118035008	72953005
118035008	172829002
118035008	313052008
118035008	304400004
118035008	118815006
118035008	373391005
118035008	49988001
118035008	171904007
118035008	179419004
118035008	252822006
118035008	277992006
118035008	225257005
118035008	43519002
118035008	32804000
118035008	173160006
118035008	63563000
118035008	276973000
118035008	287716007
118035008	59392008
118035008	71735005
118035008	359556005
118035008	167509001
238226004	36910002
238226004	20124001
238226004	178728009
238226004	236941004
238226004	230864006
238226004	122471009
238226004	35276003
238226004	236350009
238226004	239553008
238226004	231770000
238226004	234300000
238226004	21371007
238226004	121567007
238226004	302477001
238226004	2915002
238226004	125674004
238226004	118035008
238226004	238226004
238226004	107943007
238226004	117778005
238226004	231332001
238226004	72953005
238226004	172829002
238226004	313052008
238226004	304400004
238226004	118815006
238226004	373391005
238226004	49988001
238226004	171904007
238226004	179419004
238226004	252822006
238226004	277992006
238226004	225257005
238226004	43519002
238226004	32804000
238226004	173160006
238226004	63563000
238226004	276973000
238226004	287716007
238226004	59392008
238226004	71735005
238226004	359556005
238226004	167509001
107943007	36910002
107943007	20124001
107943007	178728009
107943007	236941004
107943007	230864006
107943007	122471009
107943007	35276003
107943007	236350009
107943007	239553008
107943007	231770000
107943007	234300000
107943007	21371007
107943007	121567007
107943007	302477001
107943007	2915002
107943007	125674004
107943007	118035008
107943007	238226004
107943007	107943007
107943007	117778005
107943007	231332001
107943007	72953005
107943007	172829002
107943007	313052008
107943007	304400004
107943007	118815006
107943007	373391005
107943007	49988001
107943007	171904007
107943007	179419004
107943007	252822006
107943007	277992006
107943007	225257005
107943007	43519002
107943007	32804000
107943007	173160006
107943007	63563000
107943007	276973000
107943007	287716007
107943007	59392008
107943007	71735005
107943007	359556005
107943007	167509001
117778005	36910002
117778005	20124001
117778005	178728009
117778005	236941004
117778005	230864006
117778005	122471009
117778005	35276003
117778005	236350009
117778005	239553008
117778005	231770000
117778005	234300000
117778005	21371007
117778005	121567007
117778005	302477001
117778005	2915002
117778005	125674004
117778005	118035008
117778005	238226004
117778005	107943007
117778005	117778005
117778005	231332001
117778005	72953005
117778005	172829002
117778005	313052008
117778005	304400004
117778005	118815006
117778005	373391005
117778005	49988001
117778005	171904007
117778005	179419004
117778005	252822006
117778005	277992006
117778005	225257005
117778005	43519002
117778005	32804000
117778005	173160006
117778005	63563000
117778005	276973000
117778005	287716007
117778005	59392008
117778005	71735005
117778005	359556005
117778005	167509001
231332001	36910002
231332001	20124001
231332001	178728009
231332001	236941004
231332001	230864006
231332001	122471009
231332001	35276003
231332001	236350009
231332001	239553008
231332001	231770000
231332001	234300000
231332001	21371007
231332001	121567007
231332001	302477001
231332001	2915002
231332001	125674004
231332001	118035008
231332001	238226004
231332001	107943007
231332001	117778005
231332001	231332001
231332001	72953005
231332001	172829002
231332001	313052008
231332001	304400004
231332001	118815006
231332001	373391005
231332001	49988001
231332001	171904007
231332001	179419004
231332001	252822006
231332001	277992006
231332001	225257005
231332001	43519002
231332001	32804000
231332001	173160006
231332001	63563000
231332001	276973000
231332001	287716007
231332001	59392008
231332001	71735005
231332001	359556005
231332001	167509001
72953005	36910002
72953005	20124001
72953005	178728009
72953005	236941004
72953005	230864006
72953005	122471009
72953005	35276003
72953005	236350009
72953005	239553008
72953005	231770000
72953005	234300000
72953005	21371007
72953005	121567007
72953005	302477001
72953005	2915002
72953005	125674004
72953005	118035008
72953005	238226004
72953005	107943007
72953005	117778005
72953005	231332001
72953005	72953005
72953005	172829002
72953005	313052008
72953005	304400004
72953005	118815006
72953005	373391005
72953005	49988001
72953005	171904007
72953005	179419004
72953005	252822006
72953005	277992006
72953005	225257005
72953005	43519002
72953005	32804000
72953005	173160006
72953005	63563000
72953005	276973000
72953005	287716007
72953005	59392008
72953005	71735005
72953005	359556005
72953005	167509001
172829002	36910002
172829002	20124001
172829002	178728009
172829002	236941004
172829002	230864006
172829002	122471009
172829002	35276003
172829002	236350009
172829002	239553008
172829002	231770000
172829002	234300000
172829002	21371007
172829002	121567007
172829002	302477001
172829002	2915002
172829002	125674004
172829002	118035008
172829002	238226004
172829002	107943007
172829002	117778005
172829002	231332001
172829002	72953005
172829002	172829002
172829002	313052008
172829002	304400004
172829002	118815006
172829002	373391005
172829002	49988001
172829002	171904007
172829002	179419004
172829002	252822006
172829002	277992006
172829002	225257005
172829002	43519002
172829002	32804000
172829002	173160006
172829002	63563000
172829002	276973000
172829002	287716007
172829002	59392008
172829002	71735005
172829002	359556005
172829002	167509001
313052008	36910002
313052008	20124001
313052008	178728009
313052008	236941004
313052008	230864006
313052008	122471009
313052008	35276003
313052008	236350009
313052008	239553008
313052008	231770000
313052008	234300000
313052008	21371007
313052008	121567007
313052008	302477001
313052008	2915002
313052008	125674004
313052008	118035008
313052008	238226004
313052008	107943007
313052008	117778005
313052008	231332001
313052008	72953005
313052008	172829002
313052008	313052008
313052008	304400004
313052008	118815006
313052008	373391005
313052008	49988001
313052008	171904007
313052008	179419004
313052008	252822006
313052008	277992006
313052008	225257005
313052008	43519002
313052008	32804000
313052008	173160006
313052008	63563000
313052008	276973000
313052008	287716007
313052008	59392008
313052008	71735005
313052008	359556005
313052008	167509001
304400004	36910002
304400004	20124001
304400004	178728009
304400004	236941004
304400004	230864006
304400004	122471009
304400004	35276003
304400004	236350009
304400004	239553008
304400004	231770000
304400004	234300000
304400004	21371007
304400004	121567007
304400004	302477001
304400004	2915002
304400004	125674004
304400004	118035008
304400004	238226004
304400004	107943007
304400004	117778005
304400004	231332001
304400004	72953005
304400004	172829002
304400004	313052008
304400004	304400004
304400004	118815006
304400004	373391005
304400004	49988001
304400004	171904007
304400004	179419004
304400004	252822006
304400004	277992006
304400004	225257005
304400004	43519002
304400004	32804000
304400004	173160006
304400004	63563000
304400004	276973000
304400004	287716007
304400004	59392008
304400004	71735005
304400004	359556005
304400004	167509001
118815006	36910002
118815006	20124001
118815006	178728009
118815006	236941004
118815006	230864006
118815006	122471009
118815006	35276003
118815006	236350009
118815006	239553008
118815006	231770000
118815006	234300000
118815006	21371007
118815006	121567007
118815006	302477001
118815006	2915002
118815006	125674004
118815006	118035008
118815006	238226004
118815006	107943007
118815006	117778005
118815006	231332001
118815006	72953005
118815006	172829002
118815006	313052008
118815006	304400004
118815006	118815006
118815006	373391005
118815006	49988001
118815006	171904007
118815006	179419004
118815006	252822006
118815006	277992006
118815006	225257005
118815006	43519002
118815006	32804000
118815006	173160006
118815006	63563000
118815006	276973000
118815006	287716007
118815006	59392008
118815006	71735005
118815006	359556005
118815006	167509001
373391005	36910002
373391005	20124001
373391005	178728009
373391005	236941004
373391005	230864006
373391005	122471009
373391005	35276003
373391005	236350009
373391005	239553008
373391005	231770000
373391005	234300000
373391005	21371007
373391005	121567007
373391005	302477001
373391005	2915002
373391005	125674004
373391005	118035008
373391005	238226004
373391005	107943007
373391005	117778005
373391005	231332001
373391005	72953005
373391005	172829002
373391005	313052008
373391005	304400004
373391005	118815006
373391005	373391005
373391005	49988001
373391005	171904007
373391005	179419004
373391005	252822006
373391005	277992006
373391005	225257005
373391005	43519002
373391005	32804000
373391005	173160006
373391005	63563000
373391005	276973000
373391005	287716007
373391005	59392008
373391005	71735005
373391005	359556005
373391005	167509001
49988001	36910002
49988001	20124001
49988001	178728009
49988001	236941004
49988001	230864006
49988001	122471009
49988001	35276003
49988001	236350009
49988001	239553008
49988001	231770000
49988001	234300000
49988001	21371007
49988001	121567007
49988001	302477001
49988001	2915002
49988001	125674004
49988001	118035008
49988001	238226004
49988001	107943007
49988001	117778005
49988001	231332001
49988001	72953005
49988001	172829002
49988001	313052008
49988001	304400004
49988001	118815006
49988001	373391005
49988001	49988001
49988001	171904007
49988001	179419004
49988001	252822006
49988001	277992006
49988001	225257005
49988001	43519002
49988001	32804000
49988001	173160006
49988001	63563000
49988001	276973000
49988001	287716007
49988001	59392008
49988001	71735005
49988001	359556005
49988001	167509001
171904007	36910002
171904007	20124001
171904007	178728009
171904007	236941004
171904007	230864006
171904007	122471009
171904007	35276003
171904007	236350009
171904007	239553008
171904007	231770000
171904007	234300000
171904007	21371007
171904007	121567007
171904007	302477001
171904007	2915002
171904007	125674004
171904007	118035008
171904007	238226004
171904007	107943007
171904007	117778005
171904007	231332001
171904007	72953005
171904007	172829002
171904007	313052008
171904007	304400004
171904007	118815006
171904007	373391005
171904007	49988001
171904007	171904007
171904007	179419004
171904007	252822006
171904007	277992006
171904007	225257005
171904007	43519002
171904007	32804000
171904007	173160006
171904007	63563000
171904007	276973000
171904007	287716007
171904007	59392008
171904007	71735005
171904007	359556005
171904007	167509001
179419004	36910002
179419004	20124001
179419004	178728009
179419004	236941004
179419004	230864006
179419004	122471009
179419004	35276003
179419004	236350009
179419004	239553008
179419004	231770000
179419004	234300000
179419004	21371007
179419004	121567007
179419004	302477001
179419004	2915002
179419004	125674004
179419004	118035008
179419004	238226004
179419004	107943007
179419004	117778005
179419004	231332001
179419004	72953005
179419004	172829002
179419004	313052008
179419004	304400004
179419004	118815006
179419004	373391005
179419004	49988001
179419004	171904007
179419004	179419004
179419004	252822006
179419004	277992006
179419004	225257005
179419004	43519002
179419004	32804000
179419004	173160006
179419004	63563000
179419004	276973000
179419004	287716007
179419004	59392008
179419004	71735005
179419004	359556005
179419004	167509001
252822006	36910002
252822006	20124001
252822006	178728009
252822006	236941004
252822006	230864006
252822006	122471009
252822006	35276003
252822006	236350009
252822006	239553008
252822006	231770000
252822006	234300000
252822006	21371007
252822006	121567007
252822006	302477001
252822006	2915002
252822006	125674004
252822006	118035008
252822006	238226004
252822006	107943007
252822006	117778005
252822006	231332001
252822006	72953005
252822006	172829002
252822006	313052008
252822006	304400004
252822006	118815006
252822006	373391005
252822006	49988001
252822006	171904007
252822006	179419004
252822006	252822006
252822006	277992006
252822006	225257005
252822006	43519002
252822006	32804000
252822006	173160006
252822006	63563000
252822006	276973000
252822006	287716007
252822006	59392008
252822006	71735005
252822006	359556005
252822006	167509001
277992006	36910002
277992006	20124001
277992006	178728009
277992006	236941004
277992006	230864006
277992006	122471009
277992006	35276003
277992006	236350009
277992006	239553008
277992006	231770000
277992006	234300000
277992006	21371007
277992006	121567007
277992006	302477001
277992006	2915002
277992006	125674004
277992006	118035008
277992006	238226004
277992006	107943007
277992006	117778005
277992006	231332001
277992006	72953005
277992006	172829002
277992006	313052008
277992006	304400004
277992006	118815006
277992006	373391005
277992006	49988001
277992006	171904007
277992006	179419004
277992006	252822006
277992006	277992006
277992006	225257005
277992006	43519002
277992006	32804000
277992006	173160006
277992006	63563000
277992006	276973000
277992006	287716007
277992006	59392008
277992006	71735005
277992006	359556005
277992006	167509001
225257005	36910002
225257005	20124001
225257005	178728009
225257005	236941004
225257005	230864006
225257005	122471009
225257005	35276003
225257005	236350009
225257005	239553008
225257005	231770000
225257005	234300000
225257005	21371007
225257005	121567007
225257005	302477001
225257005	2915002
225257005	125674004
225257005	118035008
225257005	238226004
225257005	107943007
225257005	117778005
225257005	231332001
225257005	72953005
225257005	172829002
225257005	313052008
225257005	304400004
225257005	118815006
225257005	373391005
225257005	49988001
225257005	171904007
225257005	179419004
225257005	252822006
225257005	277992006
225257005	225257005
225257005	43519002
225257005	32804000
225257005	173160006
225257005	63563000
225257005	276973000
225257005	287716007
225257005	59392008
225257005	71735005
225257005	359556005
225257005	167509001
43519002	36910002
43519002	20124001
43519002	178728009
43519002	236941004
43519002	230864006
43519002	122471009
43519002	35276003
43519002	236350009
43519002	239553008
43519002	231770000
43519002	234300000
43519002	21371007
43519002	121567007
43519002	302477001
43519002	2915002
43519002	125674004
43519002	118035008
43519002	238226004
43519002	107943007
43519002	117778005
43519002	231332001
43519002	72953005
43519002	172829002
43519002	313052008
43519002	304400004
43519002	118815006
43519002	373391005
43519002	49988001
43519002	171904007
43519002	179419004
43519002	252822006
43519002	277992006
43519002	225257005
43519002	43519002
43519002	32804000
43519002	173160006
43519002	63563000
43519002	276973000
43519002	287716007
43519002	59392008
43519002	71735005
43519002	359556005
43519002	167509001
32804000	36910002
32804000	20124001
32804000	178728009
32804000	236941004
32804000	230864006
32804000	122471009
32804000	35276003
32804000	236350009
32804000	239553008
32804000	231770000
32804000	234300000
32804000	21371007
32804000	121567007
32804000	302477001
32804000	2915002
32804000	125674004
32804000	118035008
32804000	238226004
32804000	107943007
32804000	117778005
32804000	231332001
32804000	72953005
32804000	172829002
32804000	313052008
32804000	304400004
32804000	118815006
32804000	373391005
32804000	49988001
32804000	171904007
32804000	179419004
32804000	252822006
32804000	277992006
32804000	225257005
32804000	43519002
32804000	32804000
32804000	173160006
32804000	63563000
32804000	276973000
32804000	287716007
32804000	59392008
32804000	71735005
32804000	359556005
32804000	167509001
173160006	36910002
173160006	20124001
173160006	178728009
173160006	236941004
173160006	230864006
173160006	122471009
173160006	35276003
173160006	236350009
173160006	239553008
173160006	231770000
173160006	234300000
173160006	21371007
173160006	121567007
173160006	302477001
173160006	2915002
173160006	125674004
173160006	118035008
173160006	238226004
173160006	107943007
173160006	117778005
173160006	231332001
173160006	72953005
173160006	172829002
173160006	313052008
173160006	304400004
173160006	118815006
173160006	373391005
173160006	49988001
173160006	171904007
173160006	179419004
173160006	252822006
173160006	277992006
173160006	225257005
173160006	43519002
173160006	32804000
173160006	173160006
173160006	63563000
173160006	276973000
173160006	287716007
173160006	59392008
173160006	71735005
173160006	359556005
173160006	167509001
63563000	36910002
63563000	20124001
63563000	178728009
63563000	236941004
63563000	230864006
63563000	122471009
63563000	35276003
63563000	236350009
63563000	239553008
63563000	231770000
63563000	234300000
63563000	21371007
63563000	121567007
63563000	302477001
63563000	2915002
63563000	125674004
63563000	118035008
63563000	238226004
63563000	107943007
63563000	117778005
63563000	231332001
63563000	72953005
63563000	172829002
63563000	313052008
63563000	304400004
63563000	118815006
63563000	373391005
63563000	49988001
63563000	171904007
63563000	179419004
63563000	252822006
63563000	277992006
63563000	225257005
63563000	43519002
63563000	32804000
63563000	173160006
63563000	63563000
63563000	276973000
63563000	287716007
63563000	59392008
63563000	71735005
63563000	359556005
63563000	167509001
276973000	36910002
276973000	20124001
276973000	178728009
276973000	236941004
276973000	230864006
276973000	122471009
276973000	35276003
276973000	236350009
276973000	239553008
276973000	231770000
276973000	234300000
276973000	21371007
276973000	121567007
276973000	302477001
276973000	2915002
276973000	125674004
276973000	118035008
276973000	238226004
276973000	107943007
276973000	117778005
276973000	231332001
276973000	72953005
276973000	172829002
276973000	313052008
276973000	304400004
276973000	118815006
276973000	373391005
276973000	49988001
276973000	171904007
276973000	179419004
276973000	252822006
276973000	277992006
276973000	225257005
276973000	43519002
276973000	32804000
276973000	173160006
276973000	63563000
276973000	276973000
276973000	287716007
276973000	59392008
276973000	71735005
276973000	359556005
276973000	167509001
287716007	36910002
287716007	20124001
287716007	178728009
287716007	236941004
287716007	230864006
287716007	122471009
287716007	35276003
287716007	236350009
287716007	239553008
287716007	231770000
287716007	234300000
287716007	21371007
287716007	121567007
287716007	302477001
287716007	2915002
287716007	125674004
287716007	118035008
287716007	238226004
287716007	107943007
287716007	117778005
287716007	231332001
287716007	72953005
287716007	172829002
287716007	313052008
287716007	304400004
287716007	118815006
287716007	373391005
287716007	49988001
287716007	171904007
287716007	179419004
287716007	252822006
287716007	277992006
287716007	225257005
287716007	43519002
287716007	32804000
287716007	173160006
287716007	63563000
287716007	276973000
287716007	287716007
287716007	59392008
287716007	71735005
287716007	359556005
287716007	167509001
59392008	36910002
59392008	20124001
59392008	178728009
59392008	236941004
59392008	230864006
59392008	122471009
59392008	35276003
59392008	236350009
59392008	239553008
59392008	231770000
59392008	234300000
59392008	21371007
59392008	121567007
59392008	302477001
59392008	2915002
59392008	125674004
59392008	118035008
59392008	238226004
59392008	107943007
59392008	117778005
59392008	231332001
59392008	72953005
59392008	172829002
59392008	313052008
59392008	304400004
59392008	118815006
59392008	373391005
59392008	49988001
59392008	171904007
59392008	179419004
59392008	252822006
59392008	277992006
59392008	225257005
59392008	43519002
59392008	32804000
59392008	173160006
59392008	63563000
59392008	276973000
59392008	287716007
59392008	59392008
59392008	71735005
59392008	359556005
59392008	167509001
71735005	36910002
71735005	20124001
71735005	178728009
71735005	236941004
71735005	230864006
71735005	122471009
71735005	35276003
71735005	236350009
71735005	239553008
71735005	231770000
71735005	234300000
71735005	21371007
71735005	121567007
71735005	302477001
71735005	2915002
71735005	125674004
71735005	118035008
71735005	238226004
71735005	107943007
71735005	117778005
71735005	231332001
71735005	72953005
71735005	172829002
71735005	313052008
71735005	304400004
71735005	118815006
71735005	373391005
71735005	49988001
71735005	171904007
71735005	179419004
71735005	252822006
71735005	277992006
71735005	225257005
71735005	43519002
71735005	32804000
71735005	173160006
71735005	63563000
71735005	276973000
71735005	287716007
71735005	59392008
71735005	71735005
71735005	359556005
71735005	167509001
359556005	36910002
359556005	20124001
359556005	178728009
359556005	236941004
359556005	230864006
359556005	122471009
359556005	35276003
359556005	236350009
359556005	239553008
359556005	231770000
359556005	234300000
359556005	21371007
359556005	121567007
359556005	302477001
359556005	2915002
359556005	125674004
359556005	118035008
359556005	238226004
359556005	107943007
359556005	117778005
359556005	231332001
359556005	72953005
359556005	172829002
359556005	313052008
359556005	304400004
359556005	118815006
359556005	373391005
359556005	49988001
359556005	171904007
359556005	179419004
359556005	252822006
359556005	277992006
359556005	225257005
359556005	43519002
359556005	32804000
359556005	173160006
359556005	63563000
359556005	276973000
359556005	287716007
359556005	59392008
359556005	71735005
359556005	359556005
359556005	167509001
167509001	36910002
167509001	20124001
167509001	178728009
167509001	236941004
167509001	230864006
167509001	122471009
167509001	35276003
167509001	236350009
167509001	239553008
167509001	231770000
167509001	234300000
167509001	21371007
167509001	121567007
167509001	302477001
167509001	2915002
167509001	125674004
167509001	118035008
167509001	238226004
167509001	107943007
167509001	117778005
167509001	231332001
167509001	72953005
167509001	172829002
167509001	313052008
167509001	304400004
167509001	118815006
167509001	373391005
167509001	49988001
167509001	171904007
167509001	179419004
167509001	252822006
167509001	277992006
167509001	225257005
167509001	43519002
167509001	32804000
167509001	173160006
167509001	63563000
167509001	276973000
167509001	287716007
167509001	59392008
167509001	71735005
167509001	359556005
167509001	167509001
