178258002
36910002
230849006
303657008
20124001
282261004
38463008
118146008
413578006
63776008
178728009
19506004
236941004
15807005
179051005
104661008
117952007
46873006
44242000
405513002
230864006
252955002
179746005
5191001
304562007
122471009
6585004
288133009
31421002
408381007
35276003
236350009
27261002
239553008
178656009
182741007
271222000
232550007
176204003
87529006
19003000
231770000
58145007
11732005
252195001
234300000
240278000
35613008
392428005
77591008
104653003
21371007
121567007
313470003
33327009
371905006
17706009
287267006
243411004
32765007
177092009
15269003
13317008
302477001
26931008
2915002
169331000
175914008
397585002
89540006
121919006
125674004
313120005
304992005
36936009
231599008
42563001
122027002
410633003
406845008
265160007
269867003
231318003
397218006
118035008
310411006
128424005
28537006
238226004
107943007
117778005
412794007
59900003
306354000
83928008
91345001
104018009
305422004
231332001
243195000
72953005
23421001
171348006
172829002
259693005
407611006
8238001
173746001
313052008
304400004
239279000
401098006
118815006
225081009
33621000
373391005
112850008
239377001
178449006
88163002
19590000
306317009
241703000
233362002
56510001
243791004
26309009
373361000
49988001
306419006
171904007
391296003
315618009
25260000
86599005
36037002
179419004
252822006
40035001
277992006
394830001
83874006
406848005
183861004
412618003
401023007
173366007
225257005
40742006
171939007
18723003
169624005
17103008
89732002
305233003
63165001
178265005
183891009
287216008
169304003
28658009
33477008
359932000
26697006
43519002
105141006
391353006
32804000
306265007
122298005
173160006
63563000
306243007
252282000
276973000
104899004
13519007
47758006
231054007
33230000
252350000
13743007
84663005
287716007
384599005
370786008
287870001
4461006
59392008
71735005
52605009
179609002
64477009
172903003
88160004
306577001
171487007
390846000
361186009
83686007
57258001
359556005
80644000
71960002
167509001
51901001
