308021002
214132001
199388005
289990004
298525003
73863006
115752000
229018003
290065008
366359003
39399006
312888008
270426007
217896007
288616003
226181003
59602008
219408003
248454007
285821001
89871005
217821006
282151003
413981006
305652004
220170006
288779007
315403003
222229009
299009005
415523003
289651001
298357003
214204001
301476007
288729009
300089004
284609005
251476004
396472006
277114007
166579007
68318002
284777000
303207009
271695004
185386002
299213008
275652006
282518001
299349007
221231003
242713006
289899004
282698005
248859009
300180003
401286005
364819005
274912004
11411001
17491008
309838005
215198005
242938008
131005001
247065006
225875000
9950006
284279001
84608004
407378000
46428007
129814003
250079008
116307009
169489007
246867008
221332007
167734003
219211004
303370007
365313009
413116005
298940007
219209008
260284005
242618005
222294006
285999008
184875002
365906004
298764003
276386000
218004001
76358005
215447005
289900009
366707006
105446008
222984008
217836009
33002009
365777004
274719002
286846009
298650005
405969004
169641007
230005008
184276009
384610004
216269006
274867002
169030006
168703000
285193005
53073005
36031001
21801002
242545004
394932008
285897009
275349007
222176005
247452009
164855004
301130004
247930008
222532008
216897005
85897006
369690005
301372005
301107005
315555004
369986006
218526007
222792009
385306002
221309008
307134002
185265000
218875003
289707002
415051003
242105003
282553008
169663003
404558000
48443004
106103007
183785003
102937002
224144004
250035005
220128001
220815005
49030004
219425001
221656003
408835000
217304007
247288001
285690009
43515008
115866002
214010007
409782005
240588000
289458001
6292008
214758009
299572005
219773007
286290008
271659007
222584002
102950001
247701008
284643001
192842007
106142007
412736006
215265007
46909005
366164007
365887007
414915002
369851008
271909001
299269004
87683000
68988003
171340004
299939003
396292002
289680005
219182008
289603009
198865009
288661004
219645000
298558007
219845002
221609001
