concept	concept	similarity	millisecond
308021002	308021002	1.00000	0
308021002	214132001	0.36818	0
308021002	199388005	0.00000	0
308021002	289990004	0.31765	0
308021002	298525003	0.30789	0
308021002	73863006	0.42188	0
308021002	115752000	0.30789	0
308021002	229018003	0.32344	0
308021002	290065008	0.00000	0
214132001	308021002	0.36818	0
214132001	214132001	1.00000	0
214132001	199388005	0.00000	0
214132001	289990004	0.23583	0
214132001	298525003	0.22608	0
214132001	73863006	0.34006	0
214132001	115752000	0.22608	1
214132001	229018003	0.24163	0
214132001	290065008	0.00000	1
199388005	308021002	0.00000	1
199388005	214132001	0.00000	0
199388005	199388005	1.00000	0
199388005	289990004	0.13669	1
199388005	298525003	0.18119	1
199388005	73863006	0.00000	0
199388005	115752000	0.00000	0
199388005	229018003	0.06738	0
199388005	290065008	0.17675	0
289990004	308021002	0.31765	0
289990004	214132001	0.23583	0
289990004	199388005	0.13669	1
289990004	289990004	1.00000	5
289990004	298525003	0.46768	4
289990004	73863006	0.38603	0
289990004	115752000	0.23406	0
289990004	229018003	0.46464	1
289990004	290065008	0.15856	0
298525003	308021002	0.30789	0
298525003	214132001	0.22608	0
298525003	199388005	0.18119	1
298525003	289990004	0.46768	3
298525003	298525003	1.00000	3
298525003	73863006	0.37302	0
298525003	115752000	0.22106	0
298525003	229018003	0.38174	1
298525003	290065008	0.23021	0
73863006	308021002	0.42188	0
73863006	214132001	0.34006	0
73863006	199388005	0.00000	0
73863006	289990004	0.38603	0
73863006	298525003	0.37302	0
73863006	73863006	1.00000	0
73863006	115752000	0.37303	0
73863006	229018003	0.39375	0
73863006	290065008	0.00000	0
115752000	308021002	0.30789	0
115752000	214132001	0.22608	0
115752000	199388005	0.00000	0
115752000	289990004	0.23406	0
115752000	298525003	0.22106	0
115752000	73863006	0.37303	0
115752000	115752000	1.00000	0
115752000	229018003	0.24178	1
115752000	290065008	0.00000	0
229018003	308021002	0.32344	0
229018003	214132001	0.24163	0
229018003	199388005	0.06738	0
229018003	289990004	0.46464	0
229018003	298525003	0.38174	1
229018003	73863006	0.39375	0
229018003	115752000	0.24178	0
229018003	229018003	1.00000	0
229018003	290065008	0.08925	0
290065008	308021002	0.00000	0
290065008	214132001	0.00000	0
290065008	199388005	0.17675	0
290065008	289990004	0.15856	0
290065008	298525003	0.23021	0
290065008	73863006	0.00000	0
290065008	115752000	0.00000	0
290065008	229018003	0.08925	1
290065008	290065008	1.00000	0
