concept	concept	similarity	millisecond
308021002	308021002	0.95000	0
308021002	214132001	0.33312	0
308021002	199388005	0.00000	0
308021002	289990004	0.28739	0
308021002	298525003	0.27857	0
308021002	73863006	0.38170	0
308021002	115752000	0.27857	0
308021002	229018003	0.29264	0
308021002	290065008	0.00000	0
214132001	308021002	0.33312	0
214132001	214132001	0.95000	0
214132001	199388005	0.00000	0
214132001	289990004	0.21337	0
214132001	298525003	0.20454	0
214132001	73863006	0.30768	0
214132001	115752000	0.20454	1
214132001	229018003	0.21861	0
214132001	290065008	0.00000	1
199388005	308021002	0.00000	1
199388005	214132001	0.00000	0
199388005	199388005	0.95000	0
199388005	289990004	0.12367	1
199388005	298525003	0.16393	1
199388005	73863006	0.00000	0
199388005	115752000	0.00000	0
199388005	229018003	0.06096	0
199388005	290065008	0.15991	0
289990004	308021002	0.28739	0
289990004	214132001	0.21337	0
289990004	199388005	0.12367	1
289990004	289990004	0.95000	5
289990004	298525003	0.42314	4
289990004	73863006	0.34927	0
289990004	115752000	0.21176	0
289990004	229018003	0.42038	1
289990004	290065008	0.14346	0
298525003	308021002	0.27857	0
298525003	214132001	0.20454	0
298525003	199388005	0.16393	1
298525003	289990004	0.42314	3
298525003	298525003	0.95000	3
298525003	73863006	0.33750	0
298525003	115752000	0.20000	0
298525003	229018003	0.34538	1
298525003	290065008	0.20829	0
73863006	308021002	0.38170	0
73863006	214132001	0.30768	0
73863006	199388005	0.00000	0
73863006	289990004	0.34927	0
73863006	298525003	0.33750	0
73863006	73863006	0.95000	0
73863006	115752000	0.33751	0
73863006	229018003	0.35625	0
73863006	290065008	0.00000	0
115752000	308021002	0.27857	0
115752000	214132001	0.20454	0
115752000	199388005	0.00000	0
115752000	289990004	0.21176	0
115752000	298525003	0.20000	0
115752000	73863006	0.33751	0
115752000	115752000	0.95000	0
115752000	229018003	0.21876	1
115752000	290065008	0.00000	0
229018003	308021002	0.29264	0
229018003	214132001	0.21861	0
229018003	199388005	0.06096	0
229018003	289990004	0.42038	0
229018003	298525003	0.34538	1
229018003	73863006	0.35625	0
229018003	115752000	0.21876	0
229018003	229018003	0.95000	0
229018003	290065008	0.08075	0
290065008	308021002	0.00000	0
290065008	214132001	0.00000	0
290065008	199388005	0.15991	0
290065008	289990004	0.14346	0
290065008	298525003	0.20829	0
290065008	73863006	0.00000	0
290065008	115752000	0.00000	0
290065008	229018003	0.08075	1
290065008	290065008	0.95000	0
