308021002	308021002
308021002	214132001
308021002	199388005
308021002	289990004
308021002	298525003
308021002	73863006
308021002	115752000
308021002	229018003
308021002	290065008
214132001	308021002
214132001	214132001
214132001	199388005
214132001	289990004
214132001	298525003
214132001	73863006
214132001	115752000
214132001	229018003
214132001	290065008
199388005	308021002
199388005	214132001
199388005	199388005
199388005	289990004
199388005	298525003
199388005	73863006
199388005	115752000
199388005	229018003
199388005	290065008
289990004	308021002
289990004	214132001
289990004	199388005
289990004	289990004
289990004	298525003
289990004	73863006
289990004	115752000
289990004	229018003
289990004	290065008
298525003	308021002
298525003	214132001
298525003	199388005
298525003	289990004
298525003	298525003
298525003	73863006
298525003	115752000
298525003	229018003
298525003	290065008
73863006	308021002
73863006	214132001
73863006	199388005
73863006	289990004
73863006	298525003
73863006	73863006
73863006	115752000
73863006	229018003
73863006	290065008
115752000	308021002
115752000	214132001
115752000	199388005
115752000	289990004
115752000	298525003
115752000	73863006
115752000	115752000
115752000	229018003
115752000	290065008
229018003	308021002
229018003	214132001
229018003	199388005
229018003	289990004
229018003	298525003
229018003	73863006
229018003	115752000
229018003	229018003
229018003	290065008
290065008	308021002
290065008	214132001
290065008	199388005
290065008	289990004
290065008	298525003
290065008	73863006
290065008	115752000
290065008	229018003
290065008	290065008
